0
0
0
0
0
0
0
0
0
0
0
0
0
5
4
3
2
1
0
0
0
1
0
0
2
2
1
0
0
0
0
0
0
0
0
0
0
0
0
0
0
0
0
0
0
0
0
0
0
0
0
0
5
4
3
2
1
0
0
0
0
0
0
1
0
0
2
1
0
0
0
0
0
0
2
1
0
0
0
0
0
0
0
0
0
0
0
0
0
0
0
0
0
0
0
0
0
0
0
0
0
0
0
0
0
0
0
14
13
12
11
10
9
8
7
6
5
4
3
2
2
2
4
4
3
6
9
8
10
9
8
7
6
5
8
7
6
5
4
3
2
1
0
0
0
1
0
2
1
0
0
0
0
1
0
0
0
0
0
0
0
0
0
0
0
0
0
1
0
0
0
0
0
0
0
3
6
5
13
12
11
14
13
12
11
10
14
13
12
11
10
9
8
7
6
5
4
3
2
3
2
1
0
0
0
0
2
1
0
0
2
4
3
3
18
17
16
15
14
13
12
11
10
9
8
7
6
5
5
4
4
6
9
9
8
7
11
17
18
17
16
15
14
13
12
11
10
10
9
19
18
17
16
15
14
13
12
11
10
12
11
12
12
11
20
19
18
17
16
15
14
18
17
16
15
22
23
22
23
22
21
20
19
18
17
16
15
14
13
12
11
11
13
18
17
16
16
15
14
14
