0
0
0
0
0
0
0
0
0
0
0
0
464
2793
2500
2213
1944
974
640
0
0
660
331
0
791
1224
917
286
0
0
0
0
0
0
0
0
0
0
0
0
0
0
0
0
0
0
0
0
0
0
0
449
3590
2984
2710
1427
758
183
0
0
0
0
0
795
495
169
1477
889
559
0
0
0
0
0
2371
2052
257
0
0
0
0
327
0
0
0
0
0
0
0
0
0
0
0
0
0
0
0
0
0
0
0
0
0
0
0
0
0
7473
6830
6520
6192
5519
5270
4940
4344
3108
2485
2385
1766
1488
1243
1381
2840
3580
3266
3795
5020
3494
3874
3349
3090
2904
2430
2131
5328
5027
4703
4369
4048
3351
1545
1237
978
0
0
1418
1497
725
679
376
0
12
0
514
119
0
10
0
0
0
0
0
0
0
0
0
1222
753
254
0
320
904
146
168
305
3158
3826
3560
8536
8252
7268
8723
8431
7830
7530
7270
9641
9277
9003
8694
8073
5581
4334
4094
3789
3501
3175
2582
1706
2865
2169
1462
889
72
0
0
1253
976
197
245
1499
2573
2564
1333
11311
11010
10362
10064
9764
9448
9227
8983
8384
8091
7770
7200
6890
6286
5810
3682
2978
4337
6240
5285
5051
3840
7519
10366
11667
10504
10224
9909
9185
8933
8270
8179
5988
5606
4996
9526
8909
8634
8047
7762
7402
7146
5924
5267
4962
5444
5194
5328
5715
5128
11565
11251
11003
10736
10513
9605
9288
11183
10607
10330
9606
13380
14530
13899
14372
12420
11558
10559
10346
11140
10862
9370
9046
8780
8477
8227
6930
7048
8398
11579
11405
10450
9839
9657
9477
9888
