402
353
636
663
52
385
0
374
0
1642
3685
3421
2406
154
245
1523
1792
2012
2492
2575
2521
1929
2843
2581
1260
1807
1905
2124
2453
2673
2720
2592
1893
2638
3003
3790
3928
2735
2567
2217
1412
1363
3189
3758
2094
3407
2875
2721
2198
1603
1491
2043
0
0
972
1093
1865
4635
4544
5062
4993
5845
4982
3872
3915
5102
2505
2667
3240
3101
2032
1696
1111
0
0
0
0
573
664
378
435
193
718
1563
2427
2973
2871
2914
1890
2439
2740
2237
1318
1647
1267
392
462
113
0
0
4581
4420
6116
6120
5674
6370
6855
0
97
207
629
2214
3135
3150
3680
3702
3708
3198
5022
5627
5704
6028
4164
3325
3788
2365
1649
1870
928
1104
1299
1322
3204
3547
761
1217
1626
1700
1721
2276
3495
3530
4701
5091
4450
2691
2600
2615
2484
2548
1828
2080
2176
3610
3949
3825
3654
4313
4751
4323
4657
6308
6047
5886
5202
5353
4977
7267
7265
6717
7627
6584
7014
7887
8536
5554
3738
4061
0
0
983
0
604
1256
1253
1593
0
0
0
0
0
332
712
1834
1881
2863
3250
4066
5076
5721
5832
6529
6825
7023
6580
8818
7366
7362
8068
8192
6657
7158
7851
8037
0
0
0
737
726
1084
2641
2831
3503
3857
4387
4845
5213
4918
5323
5411
5888
4550
2429
2576
2522
4841
1231
0
0
0
0
0
0
231
321
395
1069
3377
3930
0
64
57
144
292
1605
2034
3792
3847
3992
4754
4792
4330
4329
5055
0
0
519
782
876
1929
2156
242
546
610
2415
0
0
0
0
0
111
1707
2329
1619
2631
4762
4998
5229
5760
8115
8790
8703
