3
7
10
11
15
18
22
24
28
29
33
35
31
33
36
39
42
45
47
43
44
46
43
46
48
45
44
47
45
43
41
44
47
49
51
53
55
54
51
55
59
57
55
52
54
51
54
52
55
52
56
59
58
56
57
53
50
54
51
53
51
55
58
61
59
61
57
60
58
60
56
58
60
62
60
62
64
63
64
68
71
67
69
71
67
70
67
71
69
73
70
74
77
74
77
75
73
76
72
69
71
69
72
68
66
63
65
63
66
63
64
62
59
60
58
61
64
67
68
64
66
62
64
63
64
62
64
65
62
59
62
59
60
57
59
56
59
63
61
57
58
54
58
61
60
57
61
64
61
59
62
59
58
55
59
58
55
54
57
59
60
62
60
56
58
61
58
57
58
57
58
56
53
55
54
55
53
55
51
52
49
51
55
52
54
52
55
59
57
61
65
63
65
62
59
61
58
57
60
58
61
59
63
62
61
65
63
59
63
60
61
59
62
64
66
64
60
64
61
64
66
62
61
64
65
63
66
64
66
69
65
68
71
67
70
74
70
66
68
70
73
77
76
79
75
74
75
76
74
77
78
76
73
76
73
74
78
82
84
86
83
86
83
80
82
78
76
79
77
74
72
75
74
71
73
75
77
76
79
78
74
70
72
74
71
75
72
76
79
77
76
73
70
73
70
66
70
66
62
60
64
62
60
64
68
65
63
66
65
62
64
66
63
67
65
67
64
62
66
63
61
63
65
67
69
65
63
66
70
67
71
73
70
72
75
78
82
78
76
79
77
74
71
67
70
66
62
65
69
72
68
71
75
73
76
72
73
70
74
70
72
70
72
68
71
67
69
65
63
67
65
67
70
73
77
78
80
77
78
76
74
76
72
74
72
69
66
68
71
72
73
69
66
68
72
70
68
70
73
70
74
70
67
65
67
63
66
63
65
67
66
70
67
71
68
70
74
76
79
82
85
83
87
85
81
80
83
80
82
79
81
80
76
74
75
78
75
76
74
72
75
73
76
78
76
74
77
81
80
78
81
77
76
80
82
84
86
87
86
88
90
88
92
95
93
89
90
88
90
88
87
84
86
88
85
88
92
89
86
83
79
83
81
78
80
83
81
82
78
81
84
88
91
87
85
86
83
86
84
82
86
88
89
92
89
86
90
86
87
89
91
89
86
85
82
85
87
84
87
84
82
78
76
78
74
71
73
69
66
68
67
70
68
65
69
71
69
71
69
67
64
68
66
64
66
68
64
67
71
69
67
70
66
70
68
66
69
66
69
71
67
68
70
73
76
72
68
70
73
69
71
69
72
74
72
74
71
72
75
74
70
67
65
69
68
72
70
69
71
68
67
64
67
70
73
77
79
76
74
77
73
71
68
66
68
65
67
69
67
64
67
63
62
61
65
62
64
60
63
65
62
64
61
59
61
64
66
64
68
66
70
67
71
68
65
68
66
69
72
69
65
67
71
74
72
73
76
74
78
76
79
82
80
83
80
82
79
81
82
78
80
82
78
80
78
82
78
74
77
73
75
73
70
67
70
69
73
77
78
76
78
74
75
76
74
71
75
72
75
72
74
72
76
75
77
80
83
79
77
78
76
80
76
80
79
82
80
76
73
75
74
77
75
78
75
78
76
78
75
79
82
85
87
88
87
84
86
89
86
84
81
84
82
83
85
83
84
86
82
84
87
85
82
84
81
82
79
82
86
87
85
87
84
81
84
81
84
83
86
88
84
83
82
79
82
84
82
84
88
91
89
91
89
88
90
87
84
82
85
83
86
84
82
79
81
83
82
79
75
78
81
78
82
80
77
80
76
73
76
73
70
67
69
65
68
65
63
65
63
66
63
64
66
69
72
74
71
69
65
67
70
72
76
74
71
73
70
72
74
76
73
70
74
71
70
73
77
75
77
75
71
67
68
70
71
72
75
73
69
71
67
65
66
67
65
67
70
68
71
72
74
71
72
70
68
72
68
72
69
72
73
75
73
77
74
75
78
81
79
80
84
81
85
87
86
88
91
88
89
85
84
87
89
91
94
97
95
97
96
99
95
93
95
97
95
92
91
95
99
96
94
91
95
93
97
100
97
99
96
97
96
99
97
101
99
102
99
95
97
93
95
94
90
92
91
93
97
95
93
96
99
96
94
93
91
93
91
88
91
89
92
95
94
97
95
96
95
99
98
94
91
93
90
93
90
88
92
94
93
95
97
94
97
94
98
95
93
95
92
94
96
94
95
93
91
92
89
91
88
91
93
90
91
89
85
87
83
84
83
87
85
81
83
85
82
86
83
87
84
88
87
90
89
87
85
86
84
88
90
92
94
98
101
100
102
104
107
111
109
107
103
106
109
108
106
109
105
101
97
99
102
100
97
94
95
92
88
86
90
86
90
87
85
89
92
89
93
95
98
95
97
95
97
94
96
94
96
94
97
100
98
100
99
95
98
96
99
97
100
103
107
105
107
111
110
112
115
113
115
117
113
115
113
114
110
113
116
119
117
114
116
113
110
113
115
111
109
107
106
108
104
101
103
107
109
113
110
112
114
111
109
106
108
106
109
110
108
112
110
113
110
113
111
114
111
108
112
115
113
116
118
114
110
112
109
106
108
109
107
105
101
103
105
101
97
100
104
105
109
106
110
108
111
108
104
107
105
103
106
107
110
111
108
104
108
106
110
109
112
113
111
114
110
108
111
107
109
113
109
105
103
104
108
110
107
111
108
111
107
104
106
102
105
104
105
102
