10
353
669
1006
1261
1525
1862
2147
2514
2804
3129
3420
3701
3748
4032
4348
4674
5002
5302
5454
5614
5944
5946
6264
6627
6796
6906
6942
7105
7203
7296
7320
7602
7976
8273
8627
8928
8957
8958
9324
9658
9729
9761
9985
10064
10229
10385
10586
10662
10906
11006
11323
11530
11573
11656
11752
11937
11991
12029
12292
12386
12647
12934
13257
13457
13574
13758
13873
14203
14211
14493
14558
14873
15237
15489
15512
15817
15946
16126
16417
16682
16947
17041
17402
17495
17704
17954
18001
18220
18291
18347
18603
18892
19040
19229
19325
19436
19578
19588
19788
19890
20020
20237
20259
20387
20503
20549
20651
20856
20977
21173
21392
21397
21516
21611
21904
22205
22498
22825
23020
23089
23092
23461
23651
23716
24057
24110
24443
24475
24505
24780
24996
25010
25066
25300
25364
25640
25965
25972
26155
26239
26317
26570
26873
26937
27039
27238
27557
27746
27849
27947
28052
28072
28252
28260
28272
28457
28575
28622
28922
29272
29573
29701
29725
29846
30185
30317
30350
30464
30507
30803
30993
31099
31123
31414
31518
31568
31816
31898
32103
32400
32445
32760
33118
33135
33166
33454
33758
33776
34142
34392
34400
34688
34708
34908
34945
34956
35038
35281
35507
35628
35664
35989
36107
36165
36264
36437
36553
36587
36631
36819
36847
37146
37455
37759
37953
38066
38070
38073
38437
38748
38967
39010
39072
39461
39566
39771
40052
40084
40376
40553
40656
40986
41200
41326
41569
41641
41802
41878
42136
42480
42834
43111
43158
43377
43449
43451
43781
43812
44090
44406
44448
44735
44743
44837
45067
45369
45723
46033
46338
46533
46651
46766
47000
47011
47098
47139
47269
47488
47488
47617
47643
47745
47787
47989
48295
48598
48992
49063
49282
49318
49401
49434
49700
49747
50054
50169
50382
50704
50741
50764
50860
51026
51026
51142
51166
51287
51373
51448
51602
51612
51650
51844
51953
52262
52397
52406
52581
52609
52671
52930
53213
53365
53519
53836
53877
53891
54051
54126
54171
54211
54442
54755
55032
55334
55401
55654
55702
56049
56055
56332
56588
56638
56884
57246
57562
57871
57944
58042
58213
58314
58318
58426
58468
58517
58704
58813
58852
59135
59370
59617
59687
59995
60258
60366
60464
60694
60963
61023
61203
61325
61350
61613
61767
61898
62118
62234
62310
62458
62525
62550
62868
63156
63459
63747
64054
64339
64424
64663
64808
64845
64966
65078
65358
65387
65525
65574
65712
66056
66392
66679
66756
66765
67030
67350
67574
67648
67653
67958
68127
68283
68298
68442
68562
68655
68865
68961
69200
69288
69590
69922
69938
69978
70300
70537
70596
70904
71224
71562
71897
72237
72369
72595
72629
72647
72820
72940
73058
73298
73310
73577
73690
73708
73720
73937
74257
74489
74563
74567
74621
74907
75012
75183
75504
75690
75820
75829
76141
76219
76340
76482
76564
76760
76817
77130
77436
77779
78087
78342
78362
78615
78762
78937
79265
79387
79561
79591
79913
79916
79967
80193
80227
80295
80573
80850
80854
81201
81317
81336
81383
81429
81585
81678
81900
81945
82306
82495
82568
82701
82815
83141
83480
83738
83883
83968
84006
84233
84293
84328
84355
84582
84875
85115
85379
85482
85578
85708
85735
86023
86354
86708
86797
86992
86996
87010
87072
87423
87657
87757
87767
87780
87977
88016
88150
88236
88321
88475
88537
88810
88841
89030
89233
89325
89539
89612
89986
90223
90324
90367
90439
90588
90613
90852
90921
90938
91219
91390
91460
91792
91792
91908
92155
92291
92519
92540
92693
92897
92949
93211
93531
93664
93804
94125
94404
94711
94763
95023
95047
95380
95561
95717
96035
96092
96385
96430
96706
96835
96977
97296
97439
97468
97486
97505
97587
97593
97954
98002
98090
98235
98286
98585
98596
98660
98987
99297
99613
99912
99933
100154
100236
100259
100336
100337
100438
100538
100673
100835
101159
101300
101336
101519
101608
101619
101772
101869
101957
102120
102307
102435
102768
102795
103105
103155
103170
103372
103699
104034
104312
104385
104485
104714
104793
105023
105032
105327
105404
105613
105733
106105
106154
106340
106391
106754
107065
107185
107323
107661
107724
107971
107989
108328
108707
108959
109039
109200
109403
109559
109709
110007
110261
110325
110613
110797
110937
111251
111275
111432
111536
111592
111857
111915
112088
112114
112215
112236
112441
112522
112923
113279
113533
113603
113859
113942
114326
114402
114410
114675
114684
115001
115237
115297
115527
115633
115699
115964
116278
116589
116651
116756
116926
117208
117292
117679
117683
117684
117989
118074
118085
118236
118311
118556
118596
118854
118942
119172
119272
119525
119562
119803
119931
120190
120584
120888
121227
121246
121553
121580
121878
121892
122054
122112
122214
122337
122549
122799
122939
123158
123474
123756
123828
124101
124168
124202
124400
124664
124731
124845
125072
125386
125716
125909
125986
126127
126206
126321
126448
126639
126760
126995
127306
127404
127411
127490
127520
127618
127895
128142
128224
128524
128841
128882
129173
129383
129545
129567
129621
129819
129826
129889
130065
130304
130403
130440
130451
130608
130907
131003
131044
131074
131223
131544
131596
131897
131923
132019
132206
132336
132529
132575
132596
132635
132766
132918
133029
133247
133348
133400
133560
133746
133867
133905
134183
134431
134676
135023
135362
135459
135558
135615
135679
136012
136257
136590
136722
136868
136919
136948
137230
137567
137832
138105
138176
138206
138312
138320
138452
138783
138946
139132
139159
139246
139394
139461
139789
140119
140465
140716
140937
140941
140990
140991
141207
141283
141619
141654
141942
142293
142515
142588
142893
143233
143295
143556
143609
143631
143921
144011
144194
144269
144567
144954
145231
145565
145607
145816
145941
146249
146564
146879
146886
147232
147290
147542
147830
147981
148190
148539
148660
148870
148891
148986
149300
149612
149919
150277
150579
150786
150919
151095
151272
151424
151499
151548
151883
152040
152051
152070
152160
152455
152484
152586
152713
152794
152875
153125
153477
153725
153769
153935
153992
154045
154318
154542
154628
154656
154984
155287
155304
155315
155568
155738
155803
156003
156020
156320
156386
156713
156792
157015
157049
157341
157372
157404
157404
157553
157733
157976
158045
158075
158261
158419
158700
158908
158964
159168
159270
159318
159588
159682
159717
159876
159924
160042
160252
160320
160495
160564
160864
161189
161197
161511
161696
161816
161837
162070
162096
162412
162433
162470
162748
163138
163241
163424
163618
163638
163725
163970
164078
164188
164385
164676
164697
164981
164999
165262
165363
165486
165698
166045
166060
166135
166318
166379
166659
166920
166929
167042
167185
167291
167514
167761
167779
167912
167936
168066
168080
168256
168396
168668
169012
169290
169587
169902
169985
170173
170535
170840
171187
171217
171462
171491
171541
171859
171887
172129
172147
172364
172366
172453
172454
172814
172937
173075
173192
173208
173304
173361
173427
173495
173522
173809
173975
174092
174105
174394
174580
174766
175142
175453
175608
175783
176070
176134
176337
176382
176403
176779
176981
177124
177413
177450
177711
177772
177789
178016
178347
178351
178530
178680
179045
179288
179429
179599
179907
179960
180244
180557
180854
180874
181169
181225
181429
181722
181783
181976
182079
182412
182692
183028
183039
183068
183207
183295
183332
183689
183766
183850
183915
184002
184019
184175
184246
184316
184630
185018
185222
185307
185526
185829
185831
185985
186154
186207
186428
186521
186861
186891
187150
187398
187479
187647
187797
187899
188117
188190
188339
188486
188847
189042
189171
189508
189551
189752
189877
190029
190091
190225
190519
190567
190639
190828
190839
191124
191309
191371
191398
191700
192041
192327
192674
192680
192975
192988
193236
193312
193338
193379
193602
193687
194019
194279
194639
194756
194869
195016
195265
195334
195351
195586
195923
196103
196305
196433
196623
196662
196733
196958
197302
197420
197461
197599
197688
198007
198330
198456
198618
198646
198909
199034
199164
199247
199301
199615
199910
199914
199943
